17,-60,91,65,83
-39,-36
-74,-90,-30,-4,27
13,2,16,94
-53,-28,-56,98
11,20,-23,-95
-49,-46,96,26
-100,-3
48
19,59,-68,8,-76
89,67,-87,-12
73,-24,54,63
-61,25,57,78
85,-21,-1,99,-79
-42,-70,93
75,7,-51
-37,-72
-81,82,34,97,18
71,-35,40,58
77
52,33,-10,-88
-6
-62,84,-41,-69,22
-43,38,86
55
92,47,-15,-64,50
-31
-9
-66,-29,32,-14,-5
80,45,-44
70,43
-8,5,12
-100,47,41,12
-2
-79
37
-23,9
59,38,25
-53,80
-72,-32,-31,95
-100,100,-60,14
96
85,91
43,-8
80,88
-73,10,11,88
14,-22
-100,-5,12,-68,-29
85
25
-97,31,93,73,-26
100,43,14
25
-82,37,56,-5,-70
-51,61
-85,-6,68,-14,55
45,3,-85,43,-29
9,99,-9
-4,34,91,68
30,47,-98,-91
-64,54,-87,53
-89
37,-15,61,-29,51
3,-98
40,-29,-1,48
-52,-35,-93,28,-30
-86,-44,78,-39,-50
89,-96,-45
83
70,-33
-61,-24,-82
26
78,91,-25
-69,59,87,47,95
-79,47,48
-81,-94
13,-15,13
80,-70,-75
-21,88
67,85,18,-61
-6,18,-46
-59,-38,-84,-79
-72,-1,19,26,-75
-82,59,-100
-70,23,-74,32,83
-92,-16,58
-48,-32
41,31,-26
17,-32
5,81
71,-13
86,5,-84
58,-100,28,37,-19
50,-12,-35,-76
90,94,6,23,18
75,94,-54,75
-80,-63,-89,11
18,-36,-92,-44,-29
11,18
56,59,-5,-62
-90
-52,51,-4,-7,-40
68
78,-82,61,56
12,33,-80,71
28,-41,73
-64
-31
60,48,-83,33,-55
87,-79,63,-84
24,73,-55,-22
-48
70,-2
-34,60,-7,21
35,92,-99,-53
60,11,-25,40,-79
82,-39,-27,-48
32,-23,76
91,-51,-14,-95,-82
34
-88,-97
23,-52,33,82,-16
-96,-63,84,-55
88,-83,-67,61,-12
86,-91
77,21,26,-40,91
-19
29,22,56
16
54,-23,-51
28,-70,-52
-29
89,-94,91,100
-88,-100
-53,-42
99,96,6,29
-9,-79,56,-75
-26
-13,-83,94,40
-60,58
63,42
51,-83,18
16,52,-91,92
-38,-29,-81
-91,71
-12
-62,52,1
68,90,55,-76
13,70
57
50
15
-84,-70
-22,-91,-10
-65,-49,-78,34
-56,94,57,-34,-87
78,-46,62,24
-55
43,-60,90,70,52
-20,44,-57,76
68,-93
-69,3,8
-84,88
58,-26,98,-19
27,-81,86,6
60,61,-25,-81,3
-27
41,24,-58,32,-21
-14
-71,-68,72,-44
25,55,70,70,74
-64,80,-50,-52
43,-87,-50,-87,12
88,-88,-44,43
-25,-60,-19,-13,6
100,-20,-36,-54
88
-63,-11,61
-58,4
22,-6,-80
-79,-1,-83,-100
-87,27,95,-7,-93
22,81,95,-24,34
-13,-18,66
-70,96,-72,-70
77,72
44
-90,67
51,-25,14
71,-69,42,-40,64
40
32,58,72,84
96
73,35
57
73
-12,-4,26,-17,75
-31,-95
20,51,33
-91,-36,-99,-42,71
-85
1,10,-41,-64
74,-65,-52,52,40
87
-80
8,-32,-20
-29,-95,-44,24
-40,39,95
99
-53,-99,-11,80
-99,73
-67,-49,73,87
78,-54,-33,-36,8
-55,7,-4,85,-98
16,82,-86,-1
-30,-14,35,-15
66
27
-30,-53
-16,34
-48,27
-87,64,-9
76,45
27
-95
47,54,4,43,-35
-35
16,97
-66,-17,-44
62,82,-89
-42
-29,9,43,-97,-67
-16
33,-51,-34,81,-94
83,-76,-39,-52,-12
-82,-84,-78,15
-47,-73,-41,-24,58
-40,21,-72,19
84,-68,-1,-75,34
-33,-30,91
-30,36,41
-56,-67,-37,61
58
84,22,-98
79,70,28
-64
84
24,-93,-36
9,-69,99,69
-74,88,-74,-82,30
43,-13,-56,55,-35
-43,2
14,100
-56,91,-72,4,21
53,-5,60
-95
37,61,-15,-38
22,-10,1,87
59,28,-69,70
47,-59
-2
68,27,-39,6,-63
-49,-18,-70
39,40,-71,93,43
-8,1,-22,89
41
-26,62,43
64,21
43,31,-35,9
9
46,-23,-26
3
97,31,-50,13
55,73,-83,89,-38
40
15
-24,-37,18
100,55,37,93
-65,-42,-12,11
-3
-17,-82,-59
-76,12
-66,67,-70,-35
28,-100
-61,-71
87,-68
-37,-94
-20,13
-41,96,-51,3,-31
43
62,-35,-96
-32
-21
-89
-75,-15
17,-83,-83,-3
50,-52,61,-100
3,-50,-29,14,64
85
37,-85,10,1,40
76
27,63
-65,-59,45,-70
-6,37,35
96
-33
68,-59,3
83,28,-97,59
-70,-60,-96,-14,19
36,-32,-13,-54,-63
-97,57,-100,-70
-91
70,9,5,-96,-15
-58,25,65,-24,35
-46,95
90,-48
-85,61
-56,-49,-91
-67,64
9
-62,-94,-2,45
92,-36
-76,57,-30,43
-61,65,44,-56,34
41,60
11,-47,76,25
-26
-20,56,-25,-97
4,30,87,-95,59
87,-6,45,-22
59,-79,8
-80,-73,11,5
27
86,-47
-52,-2,11,-93,-1
-9
88,29
84,-60
-15
-73,-58,12
-45
38,79,29,42
-83
34,59,-24,-11,-90
47,-56,43,51,90
50
-43,15,59
59,-55,20,19,-100
64,-100
-2
30,13
-56,-84,-90
-48,96,-25,100,12
27,43,8,62
-42
11,95,-18,84
-38,-16,18
81,42,-65,-39
53,-10
25
72,81,-86,90
57,62,-39,-3,49
39,51
60,-62,97,7,-57
48
45,-3,33
-87,100
90,40,83,-73,87
93,-77,-54,-64,-20
-78,10,96,32,23
14,30
25,49,95,73
-48,-40,-94
55,29,-56,-51
49,-89
69,-9
-4,-71,-12,-27
72
27,17,-42,79
-27,100,-24,59,89
77,-95,52
93,7,-23
99,29,-10,3,39
59,82,29,75,15
40,-55,16
-61,8,-65
-4
43,84,69,-47
-22,-4,22
-76,11,87,-98
62,-25,67
-67,60,-10,36,-31
18,-97,93
7,-95,-7,18
35,-50,19,-5,-5
3,88,62
27,28
40,-10,12,81,13
-58,-47,61
-53,72,58
-11,-49,14,-78
75,43,27,40
-43,78,28,55,76
61
24
89
50,-94,55,52,88
-30,-3,87,-38,35
47,-10,-26,-58,71
-65
65,-53,69,-33,-31
38,-34
-95,-76,39
-48,-78,-60
-51,79,-61
45,-62
99,-78,-61
-88
88
-14,37,10,75,-60
59,72,-74
-25,-59,16,-89,62
48,56,-37
18,39
18,100,71
52,83,95
-83,54,48
56,92,39,45,-89
23
-45,66,-56
-50,-51
4,-51,-93
-36,-12
-40,24,58,27
92
91
89,58,-62
69
-42,-42,-24
59,34,-11,-71,51
41
81,-32,-100,-64,-20
47,-18,84
-88,97,55,30
30,-19,30,88
-19,-79,29
83
18
-58
-8,100
90,-28,74,16,9
77
57,-56,7,9,-98
31,-73,-62
-32,78,92,70
52
24,73
80
-60,-50,74,82,-36
67,2,-12
-16,-48,94,-81
8,-99,-9,-94,-63
17
41,-60,-47
43,-6,83,64
-68,-17,66
-59,-21
-89,32
-91,-98
92,17,87,96,86
-2,-39,38,-19
-63,-5,-26,36
-50
-54,-82,40,-92
65,-23
-61,-27,78,-16
-93,-70,47,97
-71,-15,-5,-39
-70,-77
-81,-100,97,-39,-59
-50,25,-73
-48,-78
17,-41,69,-67
22,-6
-97,-78
-27
-73
89,44,-77,87,-2
-71,97,63,25,64
-41
19,-23,26
-51,2,-9,5
52,-52,3
27,59,38,-99
99,13,-9,-79,50
37,-78,-16,55
21,91,-69
-72,90,-90
-18,-52,9,-56,42
-93,63
-27,-17,90,-11,-56
48
4,-89,12,-12
-53,25
-88
66,53
90,5,98,97
100,18,-68,23,38
-62,9,67
-81,-1
98,35,87,91
-47,93,52
-41,-31,65
31,73,88,-98,-22
21
11,-25,-30
-81
21,10,-89
71
-33,77,52
64,-48
92,-42,4
39,-27,6,-4
-27,37,21
24,65,-33
-66,83,-29,-28
-24
-29
-86,73
-83,-97
-59,-20,-55,-61
-71,-39
14
-57,99
46,-24,57,-26
36,80,78,91
14,38,-8
-94,-37,10,-90
-19,-78,24,-31,-18
-17,-66,-69,-54,57
-2,-51,77,-39,27
-56,-78,-86
-99,28
43,-68,-54,-4
-19,27,47
25
-80
26,65,16
22
96,-58,28,21,32
26,-47,13
-92,33,-67,-5
72,-100,-2,91
-3,-88
-71
69
-92,61,-74
-71,-92,-58,38
89,-54,35,60,-46
-51,-30,93,-81
-10,67,-40,4
-94
-26,53
64,68
70
90,-15,-28,-31,76
32,-55
43
-36,16,-73,-76
-46,59,54,-8,-34
-62,75,50,-16
73,-58,46
-93,71,-39,17
-93,-73,73,39,7
87,-19
49,-56,85
-79,48,-65,-94,8
-86,-12,-96,11,57
18,-58,-42
50,51,41
-56,-5,41
-94
-89,38,-74
-91,-42,29,2
4,81,60,86
78,56,48,59
-86,74,-80
-10,58
47,83,-89,-67,-58
58,-26,8,-70
60,90,-66,-52,9
7,-61,69,-52
22,-70
27,-63
32
-21
24,17,-15
-43
-63
-61,1,-47,39,55
-90,-79
-80,-28,-8,95,3
-30,80,64,-61,55
79,15,54,-81,-55
34,-38,85,-100
29,-38,92,50
60
-24,-30,-98,-17,21
-59,-34
33,-38,-49
-92,-4,-26
5,-94,20
-88,-67
-78,16
100,39,-41,-15
71
34
-24,-58,22
19,69,-100
-72,-19,-28,56,50
-20,3,70,-29,-84
-40,94,-26
67,38,35,-84
-81
67
-69,4,72,79
-18,-72,34,-94
-83,20,92,-95,-8
95,-59,86,-61,83
-1
32,13
97,-54
45
-68,-89
-20,99,24,99,17
-83,42,74,27
-81,74,-46,-97
6,25,-70,-48
6,-50
-11,59,-76,-59
-48
94,38
95,77,-46,-19,-93
-42,-52
-10,24
-79,-98,54,54,-97
-73,8,-95,44,54
-93,83,29,-16,-76
-73,40,11,-11,-24
-83
61,-33,-13,-58,-95
21,-35,-62,21,13
-47,-45,-85
-38,-17
-82,88,-81,-92,-54
2,-48
-12,65,9
-45,-88
56,26,68,-79,-47
52,70
-69,-85,90
50,74,19,-28,21
-9,-61
7,9,-90
-39,93,-29,75,31
77,56,-28,-3
20,28
88,5,-74,67,64
97,22
-65
-72,-42
-17,33,-15,-100
56
27,-66
-17,-4,17
24
-87,-29,-84
-89,-57,83,95
-22
63,52,2
63,44,-76,-4
87
-27
-66,47,-95
-56,-44
96,-90
36,57,-88,-66
-84,73
-39,54,10
-65,-79,11,-25
45,-49,-97,-61,56
-91,-31
98,-24
-7,32,-46,-11
-1
1,-75
88,-38,33
-30
32,-23,-71,-82
-23,-16,-18,-94,48
-27
-65,33,-57
-72,-43,-95,-96
90,-90,-18
11,86
65
-81
-65,31,-10
55,-3,50
-52,49
-87,-8
-93,-52,68,47
78,28
82,-18,-29,-79
27,90
-97,-53,76
43
75,-47,30
-64,87
30,89,55
-19
6,20,41,24
-50,58,-61,-72,-89
46,2,-32,-31
-63,80,-64,-91
67,-85,74
-85
74
-71,13
-69,-2,54,-25
-85,65,60,-3,-58
43,-57,-22,38,33
-53,-72,-91,-71
7,44,46
-7,-73,28,87,-48
-78,-31,-90
-88
10,-18,85,-92
23
-47,-6
1
85,99,46,82,28
37,-76
88,58,-70,-55,-68
-23,-10,-48,-83
23,-21,85,38,54
42,-55
-52,28,-39,94,29
36,16,-85,-65,-47
19,-67,-42,22,69
-96,-81
-83
-84,32,-24,-61
7,28,32,92
-65,-24,-29,37
77,82
-65,-77,48,80
-62,20,78,70,28
69,28
66,44,-81,12,51
-39,-12,44,-5,25
-57
-65,-10,70,-61
60,28,-47,-25
55,-5,63,41,-80
-77
43,-8
-68
-79,74,98,26,-74
79,37,-21
22,-47,34
-41
61,13
-86,-21,17,-13
-91,-86
61,74,97,16,94
12,-65,59
50,-100,36,-13
92,-88,29,17,35
-24,-35
-3,17,-68,63
-28,41
-48,68,-75,25
60,85,13,-50
-81,85,3
32
24
-23,-61,25,82
-93,3
-73,71,-61,29
28
-54,-5
28
37,-54,-64,15
-93,46,-52,81
93,49
-2,87,-4,42,-54
75,73,-65,-82,-43
-84,-96
-44,-62,60
-32,29,-37,-11
11,-97,-8
3,-70,20
-49,-53,-33,-46,95
20
30,-69,21,-19
-92
-13,51,62,-84,60
-5,24
-43,-4,-20,-67
86,33,-49
-68
-81,4,-23,75
-98,-83,-33,-15,-10
97,-13,99
-91,11,-13,14,-49
79,-83,-11,-82,41
74,-54
-87,4
36,-42
-55
-92
-20,-99,-2,-78
86,95
86,-51,-60
4,-24
-33,-25,-45
-95,-7,-55,-42
37
22,25,-70,-39,-36
-68,-95,24,88
65,10,-86,58,-88
61,-53
-62,93,-76,16,-90
80,-76,-63
33,-28,49,82,-28
51
-64,42,-91,-16
63,19,26,-52
-99,54,48
-75,8,-21
16,-83,-4
24,-99
-76,6,-38
92,-58,-82,48,-61
53,41,-92,-37
-1,61,53
-81,16,-15,100,55
95,11
45,-86
74
-74,-56,-44
24,-54,28,-65
48
42
41,-48,4
-70,24,73,-56
-79
97,73
-54,38,-2,-48
47,85,-17,-90,-66
21,-82
-80,57,8,-58,-70
32,10,-35,98
51,83,-58,89
92,37
41,-29
51
82,-95,-61,91
94,-99,-21,2,-30
-66,-97,-30,7
-45,61,-26
99
-15,12,-51,-86,-40
40,81
-62,49,-93
-53,-18
-68,48,91,47
85,-34,-45
-25
87,27,-67
19,-59,37,-78,-61
59,37,-9,46,-43
4,-68,-37,-96,-55
-14,-83
-19,86
50,-5,-70,63,-31
42,-50,76,-38,-11
-100,-34,88
52,-5,-51,-74,-76
19,76,6,4,-42
-77,12,14
98
96,-41,-57,-98,-3
60,83,63
-5,31,-3,-83
-69
58,-7,7,-16,-47
1,97,46,-21
44,52
-34,-22,-79,-11
-13,-55
1,43,74
71,-56,68,84,-97
11,6
-68
80,83
-35,23,29,22
-77,81,72,76
38,-7
-27,-16,34
15,20
-100,-93,63,85,-99
-26,46,8,93,-31
88,-61,49
-38,74,8,-53,60
15,52
-67,44,-31
-93,94,17,-49,32
-70,-92
-51,82,14,41
25
-55
99,66,-52,3,43
64
-37,-4,79,21
-73,37,26
98,77,-95
-98,-68,89,-62
-11,26,-18,-4
21,-91,9,-47,61
-41
18,-13,-83,48,37
-77,-75,91
9,-2,-19,71
66
11
-23,-81
-82,89,-17
48
4,68
-38,-92
58
68,-60
40,69,81,36
-21,-3,99,21
58,68
77,-91,-41
-17,82,-66,93
3,5,-26
-46,88,72,-28,-84
79,-46,51,49
62
-71,81,38,30
-40,59,-91,-16
-60,61
11,71,-98
-6,9,-29
10,100
-58,72,79,-74,-53
75,-88,-45,-81
-35,33,78,-24,81
-90,77,18,-58,77
4,41,-36
-7
39,-81
57,69
-59,23,-89,-4,-76
79
-31,-70,82
20,11,90,-29,-99
-18
6,-65
-63,3,-98
19
-63,-79
17,-58,-62,-21,-25
83
88
93,-20,78
26,-74,33,-95,41
-3,-15,-37,22,98
-88,2,69
-65,-36,27
16,-53
-47
13,89,19
-47
97,66,67,-30
-49,-52,65,5,29
-33
-73
83,-47,46,74
-40,37,95
-47
-87,49,99,-100,-17
65,89,8,-6
13,82,36,-89,-75
-61,21
-7,87,50,-39

